1,120.178294 30.25994,120.178725 30.243593
2,120.170526 30.264211,120.170814 30.256225
3,120.175732 30.287336,120.177349 30.279913
4,120.17829 30.259929,120.178649 30.24355
5,120.161108 30.278479,120.16524 30.264225
6,120.170526 30.264211,120.170814 30.256225
7,120.17488 30.263849,120.172952 30.257457,120.172952 30.251764
8,120.177125 30.279834,120.178275 30.259903
9,120.142936 30.277376,120.141284 30.299423,120.139954 30.302791,120.141858 30.305722
10,120.161108 30.278479,120.16524 30.264225
11,120.125398 30.293862,120.151557 30.294985
12,120.172955 30.279317,120.171949 30.286833,120.166056 30.294411
13,120.176584 30.260041,120.175578 30.270428,120.173027 30.279317
14,120.169829 30.256213,120.191714 30.255115
15,120.163875 30.269028,120.194422 30.269584
16,120.15138 30.295107,120.161225 30.278578
17,120.169829 30.256213,120.167346 30.254322,120.167386 30.251752,120.164529 30.247057,120.164915 30.243154,120.162427 30.239242
18,120.177125 30.279834,120.178275 30.259903
19,120.161579 30.27675,120.193559 30.276157
20,120.172955 30.279317,120.171949 30.286833,120.166056 30.294411
21,120.185655 30.28038,120.187373 30.263641,120.184556 30.248496
22,120.161579 30.27675,120.193559 30.276157
23,120.15544 30.296579,120.163722 30.278833
24,120.15544 30.296579,120.163722 30.278833
25,120.169829 30.256213,120.167346 30.254322,120.167386 30.251752,120.164529 30.247057,120.164915 30.243154,120.162427 30.239242
26,120.163875 30.269028,120.194422 30.269584
27,120.169829 30.256213,120.191714 30.255115
28,120.165155 30.264187,120.193869 30.263552
29,120.165155 30.264187,120.193869 30.263552
30,120.12626 30.282667,120.157845 30.283977
31,120.15138 30.295107,120.161225 30.278578
32,120.161258 30.278612,120.192016 30.281045
33,120.125398 30.293862,120.151557 30.294985
34,120.16985 30.276066,120.170532 30.264213
35,120.197343 30.235221,120.192034 30.23746
36,120.166577 30.301056,120.176704 30.283003
37,120.154466 30.28977,120.170128 30.295485
38,120.170128 30.295485,120.180809 30.297054
39,120.161258 30.278612,120.192016 30.281045
40,120.143482 30.270465,120.142969 30.277427
41,120.197343 30.235221,120.192034 30.23746
42,120.164494 30.267151,120.169872 30.256338
43,120.143482 30.270465,120.161474 30.276585
44,120.143482 30.270465,120.161474 30.276585
45,120.174432 30.304161,120.192376 30.281326
46,120.17829 30.259929,120.178649 30.24355
47,120.175732 30.287336,120.177349 30.279913
48,120.185655 30.28038,120.187373 30.263641,120.184556 30.248496
49,120.175569 30.287408,120.198961 30.290215
50,120.192189 30.281036,120.193591 30.276358,120.192656 30.255272
51,120.126366 30.278465,120.142966 30.277467,120.161076 30.278434
52,120.192189 30.281036,120.193591 30.276358,120.192656 30.255272
53,120.183857 30.307466,120.185588 30.280401
54,120.142936 30.277376,120.141284 30.299423,120.139954 30.302791,120.141858 30.305722
55,120.126366 30.278465,120.142966 30.277467,120.161076 30.278434
56,120.16985 30.276066,120.170532 30.264213
57,120.170128 30.295485,120.181003 30.296997
58,120.174432 30.304161,120.192376 30.281326
59,120.143482 30.270465,120.142969 30.277427
60,120.176584 30.260041,120.175578 30.270428,120.173027 30.279317
61,120.166577 30.301056,120.176704 30.283003
62,120.175569 30.287408,120.198961 30.290215
63,120.125838 30.288706,120.154466 30.28977
64,120.183857 30.307466,120.185588 30.280401
65,120.204889 30.24797,120.197732 30.251538,120.178625 30.252739
66,120.177131 30.279794,120.178245 30.259895
67,120.204889 30.24797,120.197732 30.251538,120.178625 30.252739
68,120.15789 30.284029,120.175568 30.287521
69,120.164494 30.267151,120.169872 30.256338
70,120.192577 30.254959,120.20695 30.253399
71,120.178294 30.25994,120.178725 30.243593
72,120.166577 30.301056,120.175487 30.287501
73,120.192577 30.254959,120.20695 30.253399
74,120.151449 30.295109,120.166433 30.301003
75,120.166577 30.301056,120.175487 30.287501
76,120.151449 30.295109,120.166433 30.301003
77,120.166433 30.301003,120.199494 30.310648
78,120.166433 30.301003,120.199494 30.310648
79,120.126366 30.278465,120.125398 30.293862
81,120.126366 30.278465,120.125398 30.293862
82,120.093374 30.286656,120.125893 30.288683
83,120.095272 30.282038,120.126252 30.282664
84,120.105196 30.292613,120.109148 30.268193
85,120.095272 30.282038,120.126252 30.282664
86,120.136906 30.258955,120.137481 30.265943,120.140248 30.269343,120.143482 30.270465
87,120.090471 30.345006,120.100581 30.323163
88,120.092009 30.292956,120.125354 30.293766
90,120.100668 30.323074,120.105196 30.292613
92,120.093374 30.286656,120.125893 30.288683
93,120.092009 30.292956,120.125354 30.293766
94,120.100668 30.323074,120.105196 30.292613
95,120.090471 30.345006,120.100581 30.323163
96,120.105859 30.265728,120.119693 30.253125,120.121454 30.250411
97,120.136906 30.258955,120.137481 30.265943,120.140248 30.269343,120.143482 30.270465
98,120.105196 30.292613,120.109148 30.268193
99,120.105859 30.265728,120.119693 30.253125,120.121454 30.250411
102,120.108897 30.268099,120.123557 30.277893,120.129306 30.277082,120.135199 30.274462
103,120.099561 30.264081,120.097003 30.278017,120.092117 30.292862
104,120.059813 30.248142,120.108969 30.268106
105,120.097973 30.26873,120.118958 30.277152,120.126503 30.278586
107,120.064201 30.307326,120.114075 30.328713
108,120.059813 30.248142,120.108969 30.268106
109,120.099561 30.264081,120.097003 30.278017,120.092117 30.292862
110,120.097973 30.26873,120.118958 30.277152,120.126503 30.278586
111,120.064201 30.307326,120.114075 30.328713
112,120.055681 30.292495,120.092009 30.292956
113,120.055681 30.292495,120.092009 30.292956
114,120.108897 30.268099,120.123557 30.277893,120.129306 30.277082,120.135199 30.274462
115,120.052519 30.247019,120.058268 30.247955,120.062005 30.255879,120.098153 30.268855
116,120.052519 30.247019,120.058268 30.247955,120.062005 30.255879,120.098153 30.268855
117,120.194354 30.269697,120.206785 30.269451
118,120.207146 30.263334,120.214646 30.263617,120.220683 30.261683,120.224994 30.2595
119,120.204256 30.297075,120.206284 30.281424
120,120.198878 30.290183,120.212952 30.29378
121,120.206284 30.281424,120.207146 30.263334
122,120.206785 30.269451,120.223685 30.271348
123,120.193995 30.263521,120.207146 30.263334
124,120.206785 30.269451,120.223685 30.271348
125,120.193482 30.276374,120.197219 30.28152,120.198878 30.290183,120.204256 30.297075
126,120.205114 30.247926,120.207054 30.263337
127,120.20705 30.26333,120.20511 30.24792
128,120.206284 30.281424,120.207054 30.263337
129,120.207146 30.263334,120.214646 30.263617,120.220683 30.261683,120.224994 30.2595
130,120.20695 30.253399,120.212942 30.251772,120.213086 30.25171
131,120.192127 30.280988,120.206284 30.281424
132,120.198878 30.290183,120.212952 30.29378
133,120.20695 30.253399,120.212942 30.251772,120.213086 30.25171
134,120.236147 30.292556,120.271936 30.309269
136,120.227347 30.231196,120.216065 30.239308
137,120.193482 30.276374,120.197219 30.28152,120.198878 30.290183,120.204256 30.297075
138,120.194354 30.269697,120.206785 30.269451
139,120.204256 30.297075,120.217401 30.311597
140,120.193995 30.263521,120.207146 30.263334
142,120.204256 30.297075,120.217401 30.311597
143,120.236147 30.292556,120.271936 30.309269
144,120.204256 30.297075,120.206284 30.281424
145,120.227347 30.231196,120.216065 30.239308
146,120.192127 30.280988,120.206284 30.281424
148,120.206284 30.281424,120.224973 30.288252
150,120.199878 30.336519,120.204256 30.297075
151,120.199878 30.336519,120.204256 30.297075
152,120.19966 30.31072,120.243642 30.312217
153,120.19966 30.31072,120.243642 30.312217
155,120.151261 30.338417,120.15361 30.319558
157,120.114217 30.328762,120.147202 30.301514,120.151514 30.295152
158,120.15361 30.319558,120.154544 30.31326,120.166617 30.300913
159,120.141918 30.305716,120.154495 30.313136
160,120.151297 30.338511,120.153632 30.31959
161,120.178298 30.331346,120.183857 30.307466
162,120.15361 30.319558,120.154544 30.31326,120.166617 30.300913
163,120.151297 30.338511,120.166042 30.338307,120.17916 30.333246,120.199819 30.336562
164,120.154497 30.313203,120.175624 30.332811
165,120.114217 30.328762,120.147202 30.301514,120.151514 30.295152
166,120.153825 30.319507,120.16191 30.317583,120.174432 30.304161
167,120.153825 30.319507,120.16191 30.317583,120.174432 30.304161
168,120.125384 30.293781,120.124493 30.306003,120.138004 30.320844,120.16191 30.317583
169,120.141918 30.305716,120.154495 30.313136
170,120.178298 30.331346,120.183857 30.307466
171,120.154497 30.313203,120.175624 30.332811
172,120.175624 30.332811,120.189196 30.350599
173,120.125384 30.293781,120.124493 30.306003,120.138004 30.320844,120.16191 30.317583
174,120.114253 30.328697,120.138284 30.338301,120.151291 30.338363
175,120.175624 30.332811,120.189196 30.350599
176,120.151297 30.338511,120.154638 30.313292,120.166568 30.301132
177,120.114253 30.328697,120.138284 30.338301,120.151291 30.338363
178,120.151297 30.338511,120.154638 30.313292,120.166568 30.301132
179,120.151297 30.338511,120.166042 30.338307,120.17916 30.333246,120.199819 30.336562
180,120.199819 30.336562,120.199538 30.310791
181,120.200034 30.336499,120.228439 30.340732,120.264372 30.359432
182,120.200034 30.336499,120.228439 30.340732,120.264372 30.359432
183,120.151297 30.338511,120.154638 30.313292,120.166568 30.301132
184,120.199819 30.336562,120.199538 30.310791
185,120.178451 30.24352,120.177073 30.231152
186,120.178451 30.24352,120.180151 30.222244
187,120.215546 30.239043,120.205114 30.247926
188,120.197343 30.235221,120.180153 30.222599
189,120.197343 30.235221,120.192034 30.23746
190,120.205114 30.247926,120.197343 30.235221
191,120.215546 30.239043,120.205114 30.247926
192,120.178451 30.24352,120.177073 30.231152
194,120.197343 30.235221,120.180153 30.222599
197,120.197343 30.235221,120.192034 30.23746
198,120.205114 30.247926,120.197343 30.235221
200,120.180224 30.222099,120.194166 30.200315
201,120.143479 30.203464,120.147791 30.195036
202,120.143479 30.203464,120.147791 30.195036
203,120.180224 30.222099,120.194166 30.200315
204,120.178451 30.24352,120.180151 30.222244
205,120.161018 30.265888,120.136906 30.258955
209,120.162026 30.236125,120.145809 30.232506
211,120.162026 30.236125,120.145809 30.232506
213,120.161018 30.265888,120.136906 30.258955
215,120.13682 30.259072,120.134798 30.259216,120.133181 30.257969,120.1309 30.257937,120.128905 30.253554,120.121454 30.250411
216,120.13682 30.259072,120.134798 30.259216,120.133181 30.257969,120.1309 30.257937,120.128905 30.253554,120.121454 30.250411
217,120.137282 30.257832,120.13923 30.24643,120.136283 30.243341,120.145809 30.232506
218,120.113834 30.18301,120.152701 30.206035
219,120.143416 30.205637,120.143974 30.210084,120.142074 30.222817,120.145809 30.232506
220,120.137282 30.257832,120.13923 30.24643,120.136283 30.243341,120.145809 30.232506
222,120.143416 30.205637,120.143974 30.210084,120.142074 30.222817,120.145809 30.232506
224,120.113834 30.18301,120.152701 30.206035
225,120.105906 30.179353,120.091385 30.20298,120.091529 30.224077,120.122442 30.246693
226,120.105906 30.179353,120.091385 30.20298,120.091529 30.224077,120.122442 30.246693
